0.000000000000000000e+00 0.000000000000000000e+00
1.220703125000000000e-04 9.998779296875000000e-01
9.685058593750000000e-01 4.882812500000000000e-04
9.838867187500000000e-01 2.441406250000000000e-04
4.882812500000000000e-04 9.685058593750000000e-01
9.372558593750000000e-01 4.882812500000000000e-04
4.882812500000000000e-04 9.978027343750000000e-01
2.441406250000000000e-04 9.370117187500000000e-01
9.372558593750000000e-01 4.882812500000000000e-04
9.841308593750000000e-01 4.882812500000000000e-04
9.685058593750000000e-01 4.882812500000000000e-04
4.882812500000000000e-04 9.372558593750000000e-01
9.916992187500000000e-01 2.441406250000000000e-04
9.372558593750000000e-01 4.882812500000000000e-04
4.882812500000000000e-04 9.372558593750000000e-01
2.441406250000000000e-04 9.370117187500000000e-01
4.882812500000000000e-04 9.685058593750000000e-01
9.370117187500000000e-01 2.441406250000000000e-04
9.838867187500000000e-01 2.441406250000000000e-04
9.682617187500000000e-01 2.441406250000000000e-04
7.497558593750000000e-01 4.882812500000000000e-04
9.682617187500000000e-01 2.441406250000000000e-04
9.370117187500000000e-01 2.441406250000000000e-04
2.441406250000000000e-04 9.838867187500000000e-01
4.882812500000000000e-04 4.997558593750000000e-01
7.495117187500000000e-01 2.441406250000000000e-04
9.372558593750000000e-01 4.882812500000000000e-04
2.441406250000000000e-04 4.995117187500000000e-01
2.441406250000000000e-04 4.995117187500000000e-01
4.882812500000000000e-04 8.747558593750000000e-01
9.838867187500000000e-01 2.441406250000000000e-04
4.882812500000000000e-04 8.747558593750000000e-01
2.441406250000000000e-04 7.495117187500000000e-01
4.882812500000000000e-04 8.747558593750000000e-01
7.495117187500000000e-01 2.441406250000000000e-04
7.495117187500000000e-01 2.441406250000000000e-04
8.747558593750000000e-01 4.882812500000000000e-04
7.495117187500000000e-01 2.441406250000000000e-04
7.495117187500000000e-01 2.441406250000000000e-04
4.882812500000000000e-04 8.747558593750000000e-01
4.882812500000000000e-04 9.841308593750000000e-01
8.745117187500000000e-01 2.441406250000000000e-04
2.441406250000000000e-04 8.745117187500000000e-01
4.882812500000000000e-04 8.747558593750000000e-01
4.882812500000000000e-04 7.497558593750000000e-01
2.441406250000000000e-04 8.745117187500000000e-01
2.441406250000000000e-04 7.495117187500000000e-01
2.441406250000000000e-04 7.495117187500000000e-01
7.497558593750000000e-01 4.882812500000000000e-04
4.882812500000000000e-04 7.497558593750000000e-01
4.882812500000000000e-04 7.497558593750000000e-01
9.685058593750000000e-01 4.882812500000000000e-04
2.441406250000000000e-04 7.495117187500000000e-01
4.882812500000000000e-04 8.747558593750000000e-01
8.747558593750000000e-01 4.882812500000000000e-04
7.495117187500000000e-01 2.441406250000000000e-04
2.441406250000000000e-04 8.745117187500000000e-01
9.372558593750000000e-01 4.882812500000000000e-04
2.441406250000000000e-04 7.495117187500000000e-01
7.497558593750000000e-01 4.882812500000000000e-04
2.441406250000000000e-04 9.370117187500000000e-01
9.372558593750000000e-01 4.882812500000000000e-04
4.882812500000000000e-04 7.497558593750000000e-01
4.882812500000000000e-04 7.497558593750000000e-01
4.882812500000000000e-04 9.919433593750000000e-01
7.495117187500000000e-01 2.441406250000000000e-04
2.441406250000000000e-04 9.682617187500000000e-01
9.682617187500000000e-01 2.441406250000000000e-04
7.495117187500000000e-01 2.441406250000000000e-04
2.441406250000000000e-04 9.370117187500000000e-01
7.495117187500000000e-01 2.441406250000000000e-04
2.441406250000000000e-04 7.495117187500000000e-01
2.441406250000000000e-04 7.495117187500000000e-01
7.495117187500000000e-01 2.441406250000000000e-04
2.441406250000000000e-04 7.495117187500000000e-01
7.497558593750000000e-01 4.882812500000000000e-04
2.441406250000000000e-04 7.495117187500000000e-01
7.497558593750000000e-01 4.882812500000000000e-04
9.838867187500000000e-01 2.441406250000000000e-04
9.372558593750000000e-01 4.882812500000000000e-04
2.441406250000000000e-04 7.495117187500000000e-01
9.372558593750000000e-01 4.882812500000000000e-04
4.882812500000000000e-04 7.497558593750000000e-01
7.495117187500000000e-01 2.441406250000000000e-04
8.747558593750000000e-01 4.882812500000000000e-04
4.882812500000000000e-04 8.747558593750000000e-01
4.882812500000000000e-04 9.372558593750000000e-01
7.497558593750000000e-01 4.882812500000000000e-04
7.497558593750000000e-01 4.882812500000000000e-04
9.682617187500000000e-01 2.441406250000000000e-04
7.497558593750000000e-01 4.882812500000000000e-04
7.495117187500000000e-01 2.441406250000000000e-04
4.882812500000000000e-04 7.497558593750000000e-01
7.497558593750000000e-01 4.882812500000000000e-04
7.497558593750000000e-01 4.882812500000000000e-04
4.882812500000000000e-04 9.841308593750000000e-01
7.495117187500000000e-01 2.441406250000000000e-04
4.882812500000000000e-04 9.685058593750000000e-01
8.747558593750000000e-01 4.882812500000000000e-04
2.441406250000000000e-04 8.745117187500000000e-01
8.747558593750000000e-01 4.882812500000000000e-04
7.497558593750000000e-01 4.882812500000000000e-04
2.441406250000000000e-04 7.495117187500000000e-01
4.882812500000000000e-04 7.497558593750000000e-01
7.495117187500000000e-01 2.441406250000000000e-04
4.882812500000000000e-04 7.497558593750000000e-01
4.882812500000000000e-04 8.747558593750000000e-01
9.372558593750000000e-01 4.882812500000000000e-04
7.495117187500000000e-01 2.441406250000000000e-04
7.495117187500000000e-01 2.441406250000000000e-04
2.441406250000000000e-04 8.745117187500000000e-01
4.882812500000000000e-04 7.497558593750000000e-01
7.497558593750000000e-01 4.882812500000000000e-04
2.441406250000000000e-04 7.495117187500000000e-01
8.747558593750000000e-01 4.882812500000000000e-04
7.495117187500000000e-01 2.441406250000000000e-04
9.372558593750000000e-01 4.882812500000000000e-04
2.441406250000000000e-04 9.682617187500000000e-01
7.495117187500000000e-01 2.441406250000000000e-04
4.882812500000000000e-04 7.497558593750000000e-01
2.441406250000000000e-04 9.370117187500000000e-01
7.495117187500000000e-01 2.441406250000000000e-04
7.495117187500000000e-01 2.441406250000000000e-04
8.745117187500000000e-01 2.441406250000000000e-04
9.685058593750000000e-01 4.882812500000000000e-04
4.882812500000000000e-04 9.685058593750000000e-01
2.441406250000000000e-04 7.495117187500000000e-01
9.838867187500000000e-01 2.441406250000000000e-04
4.882812500000000000e-04 9.372558593750000000e-01
4.882812500000000000e-04 9.372558593750000000e-01
7.495117187500000000e-01 2.441406250000000000e-04
7.497558593750000000e-01 4.882812500000000000e-04
2.441406250000000000e-04 9.370117187500000000e-01
8.745117187500000000e-01 2.441406250000000000e-04
7.497558593750000000e-01 4.882812500000000000e-04
4.882812500000000000e-04 7.497558593750000000e-01
4.882812500000000000e-04 8.747558593750000000e-01
7.495117187500000000e-01 2.441406250000000000e-04
4.882812500000000000e-04 7.497558593750000000e-01
2.441406250000000000e-04 7.495117187500000000e-01
2.441406250000000000e-04 9.682617187500000000e-01
4.882812500000000000e-04 7.497558593750000000e-01
7.497558593750000000e-01 4.882812500000000000e-04
7.495117187500000000e-01 2.441406250000000000e-04
4.882812500000000000e-04 8.747558593750000000e-01
7.495117187500000000e-01 2.441406250000000000e-04
8.745117187500000000e-01 2.441406250000000000e-04
8.747558593750000000e-01 4.882812500000000000e-04
7.497558593750000000e-01 4.882812500000000000e-04
2.441406250000000000e-04 8.745117187500000000e-01
7.495117187500000000e-01 2.441406250000000000e-04
2.441406250000000000e-04 7.495117187500000000e-01
2.441406250000000000e-04 7.495117187500000000e-01
4.882812500000000000e-04 8.747558593750000000e-01
7.497558593750000000e-01 4.882812500000000000e-04
2.441406250000000000e-04 8.745117187500000000e-01
4.882812500000000000e-04 9.372558593750000000e-01
4.882812500000000000e-04 8.747558593750000000e-01
8.745117187500000000e-01 2.441406250000000000e-04
7.497558593750000000e-01 4.882812500000000000e-04
4.882812500000000000e-04 9.372558593750000000e-01
7.497558593750000000e-01 4.882812500000000000e-04
4.882812500000000000e-04 9.958496093750000000e-01
8.747558593750000000e-01 4.882812500000000000e-04
7.495117187500000000e-01 2.441406250000000000e-04
2.441406250000000000e-04 7.495117187500000000e-01
4.882812500000000000e-04 8.747558593750000000e-01
7.495117187500000000e-01 2.441406250000000000e-04
7.495117187500000000e-01 2.441406250000000000e-04
4.882812500000000000e-04 9.841308593750000000e-01
2.441406250000000000e-04 9.838867187500000000e-01
9.370117187500000000e-01 2.441406250000000000e-04
4.882812500000000000e-04 8.747558593750000000e-01
9.372558593750000000e-01 4.882812500000000000e-04
4.882812500000000000e-04 7.497558593750000000e-01
9.682617187500000000e-01 2.441406250000000000e-04
8.747558593750000000e-01 4.882812500000000000e-04
2.441406250000000000e-04 7.495117187500000000e-01
7.495117187500000000e-01 2.441406250000000000e-04
4.882812500000000000e-04 7.497558593750000000e-01
4.882812500000000000e-04 7.497558593750000000e-01
7.495117187500000000e-01 2.441406250000000000e-04
7.495117187500000000e-01 2.441406250000000000e-04
2.441406250000000000e-04 7.495117187500000000e-01
2.441406250000000000e-04 9.916992187500000000e-01
8.747558593750000000e-01 4.882812500000000000e-04
9.995117187500000000e-01 2.441406250000000000e-04
8.745117187500000000e-01 2.441406250000000000e-04
4.882812500000000000e-04 7.497558593750000000e-01
4.882812500000000000e-04 7.497558593750000000e-01
4.882812500000000000e-04 8.747558593750000000e-01
7.495117187500000000e-01 2.441406250000000000e-04
9.370117187500000000e-01 2.441406250000000000e-04
2.441406250000000000e-04 7.495117187500000000e-01
7.497558593750000000e-01 4.882812500000000000e-04
9.370117187500000000e-01 2.441406250000000000e-04
2.441406250000000000e-04 7.495117187500000000e-01
4.882812500000000000e-04 9.372558593750000000e-01
9.682617187500000000e-01 2.441406250000000000e-04
2.441406250000000000e-04 7.495117187500000000e-01
4.882812500000000000e-04 7.497558593750000000e-01
9.370117187500000000e-01 2.441406250000000000e-04
7.497558593750000000e-01 4.882812500000000000e-04
4.882812500000000000e-04 7.497558593750000000e-01
4.882812500000000000e-04 7.497558593750000000e-01
8.745117187500000000e-01 2.441406250000000000e-04
4.882812500000000000e-04 7.497558593750000000e-01
7.495117187500000000e-01 2.441406250000000000e-04
7.495117187500000000e-01 2.441406250000000000e-04
4.882812500000000000e-04 7.497558593750000000e-01
2.441406250000000000e-04 9.682617187500000000e-01
7.495117187500000000e-01 2.441406250000000000e-04
7.495117187500000000e-01 2.441406250000000000e-04
2.441406250000000000e-04 7.495117187500000000e-01
4.882812500000000000e-04 9.841308593750000000e-01
4.882812500000000000e-04 8.747558593750000000e-01
4.882812500000000000e-04 7.497558593750000000e-01
4.882812500000000000e-04 7.497558593750000000e-01
7.495117187500000000e-01 2.441406250000000000e-04
8.745117187500000000e-01 2.441406250000000000e-04
7.497558593750000000e-01 4.882812500000000000e-04
7.497558593750000000e-01 4.882812500000000000e-04
4.882812500000000000e-04 8.747558593750000000e-01
7.497558593750000000e-01 4.882812500000000000e-04
7.495117187500000000e-01 2.441406250000000000e-04
2.441406250000000000e-04 8.745117187500000000e-01
4.882812500000000000e-04 7.497558593750000000e-01
8.747558593750000000e-01 4.882812500000000000e-04
7.497558593750000000e-01 4.882812500000000000e-04
2.441406250000000000e-04 7.495117187500000000e-01
7.497558593750000000e-01 4.882812500000000000e-04
4.882812500000000000e-04 7.497558593750000000e-01
7.497558593750000000e-01 4.882812500000000000e-04
7.495117187500000000e-01 2.441406250000000000e-04
2.441406250000000000e-04 7.495117187500000000e-01
8.747558593750000000e-01 4.882812500000000000e-04
2.441406250000000000e-04 7.495117187500000000e-01
8.747558593750000000e-01 4.882812500000000000e-04
7.495117187500000000e-01 2.441406250000000000e-04
7.497558593750000000e-01 4.882812500000000000e-04
2.441406250000000000e-04 7.495117187500000000e-01
4.882812500000000000e-04 7.497558593750000000e-01
9.372558593750000000e-01 4.882812500000000000e-04
7.495117187500000000e-01 2.441406250000000000e-04
7.497558593750000000e-01 4.882812500000000000e-04
9.841308593750000000e-01 4.882812500000000000e-04
2.441406250000000000e-04 8.745117187500000000e-01
9.372558593750000000e-01 4.882812500000000000e-04
4.882812500000000000e-04 7.497558593750000000e-01
7.495117187500000000e-01 2.441406250000000000e-04
7.495117187500000000e-01 2.441406250000000000e-04
4.882812500000000000e-04 9.958496093750000000e-01
2.441406250000000000e-04 9.682617187500000000e-01
2.441406250000000000e-04 7.495117187500000000e-01
9.370117187500000000e-01 2.441406250000000000e-04
4.882812500000000000e-04 7.497558593750000000e-01
2.441406250000000000e-04 8.745117187500000000e-01
9.685058593750000000e-01 4.882812500000000000e-04
8.745117187500000000e-01 2.441406250000000000e-04
7.497558593750000000e-01 4.882812500000000000e-04
4.882812500000000000e-04 9.685058593750000000e-01
2.441406250000000000e-04 7.495117187500000000e-01
4.882812500000000000e-04 9.372558593750000000e-01
2.441406250000000000e-04 7.495117187500000000e-01
7.495117187500000000e-01 2.441406250000000000e-04
4.882812500000000000e-04 7.497558593750000000e-01
2.441406250000000000e-04 8.745117187500000000e-01
7.497558593750000000e-01 4.882812500000000000e-04
8.747558593750000000e-01 4.882812500000000000e-04
4.882812500000000000e-04 9.685058593750000000e-01
8.745117187500000000e-01 2.441406250000000000e-04
8.745117187500000000e-01 2.441406250000000000e-04
7.495117187500000000e-01 2.441406250000000000e-04
7.497558593750000000e-01 4.882812500000000000e-04
4.882812500000000000e-04 9.372558593750000000e-01
2.441406250000000000e-04 7.495117187500000000e-01
4.882812500000000000e-04 8.747558593750000000e-01
4.882812500000000000e-04 7.497558593750000000e-01
4.882812500000000000e-04 7.497558593750000000e-01
4.882812500000000000e-04 7.497558593750000000e-01
7.497558593750000000e-01 4.882812500000000000e-04
7.497558593750000000e-01 4.882812500000000000e-04
2.441406250000000000e-04 7.495117187500000000e-01
7.497558593750000000e-01 4.882812500000000000e-04
9.372558593750000000e-01 4.882812500000000000e-04
8.747558593750000000e-01 4.882812500000000000e-04
2.441406250000000000e-04 7.495117187500000000e-01
9.372558593750000000e-01 4.882812500000000000e-04
7.497558593750000000e-01 4.882812500000000000e-04
7.497558593750000000e-01 4.882812500000000000e-04
2.441406250000000000e-04 7.495117187500000000e-01
9.372558593750000000e-01 4.882812500000000000e-04
4.882812500000000000e-04 7.497558593750000000e-01
4.882812500000000000e-04 7.497558593750000000e-01
8.747558593750000000e-01 4.882812500000000000e-04
2.441406250000000000e-04 9.370117187500000000e-01
4.882812500000000000e-04 7.497558593750000000e-01
8.745117187500000000e-01 2.441406250000000000e-04
7.497558593750000000e-01 4.882812500000000000e-04
2.441406250000000000e-04 9.916992187500000000e-01
9.372558593750000000e-01 4.882812500000000000e-04
2.441406250000000000e-04 9.682617187500000000e-01
7.497558593750000000e-01 4.882812500000000000e-04
4.882812500000000000e-04 9.372558593750000000e-01
7.495117187500000000e-01 2.441406250000000000e-04
4.882812500000000000e-04 7.497558593750000000e-01
9.372558593750000000e-01 4.882812500000000000e-04
7.495117187500000000e-01 2.441406250000000000e-04
7.495117187500000000e-01 2.441406250000000000e-04
2.441406250000000000e-04 9.838867187500000000e-01
2.441406250000000000e-04 8.745117187500000000e-01
7.497558593750000000e-01 4.882812500000000000e-04
4.882812500000000000e-04 8.747558593750000000e-01
4.882812500000000000e-04 7.497558593750000000e-01
7.497558593750000000e-01 4.882812500000000000e-04
9.682617187500000000e-01 2.441406250000000000e-04
2.441406250000000000e-04 9.370117187500000000e-01
4.882812500000000000e-04 9.685058593750000000e-01
9.372558593750000000e-01 4.882812500000000000e-04
2.441406250000000000e-04 7.495117187500000000e-01
4.882812500000000000e-04 8.747558593750000000e-01
4.882812500000000000e-04 7.497558593750000000e-01
2.441406250000000000e-04 7.495117187500000000e-01
9.978027343750000000e-01 4.882812500000000000e-04
2.441406250000000000e-04 8.745117187500000000e-01
4.882812500000000000e-04 8.747558593750000000e-01
8.747558593750000000e-01 4.882812500000000000e-04
4.882812500000000000e-04 8.747558593750000000e-01
4.882812500000000000e-04 7.497558593750000000e-01
2.441406250000000000e-04 9.370117187500000000e-01
7.495117187500000000e-01 2.441406250000000000e-04
4.882812500000000000e-04 9.919433593750000000e-01
4.882812500000000000e-04 8.747558593750000000e-01
4.882812500000000000e-04 7.497558593750000000e-01
2.441406250000000000e-04 8.745117187500000000e-01
8.747558593750000000e-01 4.882812500000000000e-04
2.441406250000000000e-04 9.682617187500000000e-01
7.497558593750000000e-01 4.882812500000000000e-04
7.497558593750000000e-01 4.882812500000000000e-04
4.882812500000000000e-04 8.747558593750000000e-01
8.747558593750000000e-01 4.882812500000000000e-04
4.882812500000000000e-04 8.747558593750000000e-01
2.441406250000000000e-04 7.495117187500000000e-01
2.441406250000000000e-04 8.745117187500000000e-01
8.747558593750000000e-01 4.882812500000000000e-04
7.497558593750000000e-01 4.882812500000000000e-04
9.372558593750000000e-01 4.882812500000000000e-04
7.497558593750000000e-01 4.882812500000000000e-04
7.495117187500000000e-01 2.441406250000000000e-04
7.495117187500000000e-01 2.441406250000000000e-04
2.441406250000000000e-04 8.745117187500000000e-01
9.372558593750000000e-01 4.882812500000000000e-04
9.372558593750000000e-01 4.882812500000000000e-04
2.441406250000000000e-04 7.495117187500000000e-01
8.747558593750000000e-01 4.882812500000000000e-04
2.441406250000000000e-04 8.745117187500000000e-01
2.441406250000000000e-04 7.495117187500000000e-01
4.882812500000000000e-04 7.497558593750000000e-01
4.882812500000000000e-04 7.497558593750000000e-01
2.441406250000000000e-04 8.745117187500000000e-01
9.372558593750000000e-01 4.882812500000000000e-04
7.497558593750000000e-01 4.882812500000000000e-04
8.745117187500000000e-01 2.441406250000000000e-04
4.882812500000000000e-04 9.958496093750000000e-01
8.747558593750000000e-01 4.882812500000000000e-04
9.987792968750000000e-01 2.441406250000000000e-04
8.745117187500000000e-01 2.441406250000000000e-04
2.441406250000000000e-04 7.495117187500000000e-01
4.882812500000000000e-04 7.497558593750000000e-01
2.441406250000000000e-04 7.495117187500000000e-01
7.495117187500000000e-01 2.441406250000000000e-04
7.497558593750000000e-01 4.882812500000000000e-04
9.682617187500000000e-01 2.441406250000000000e-04
4.882812500000000000e-04 7.497558593750000000e-01
2.441406250000000000e-04 7.495117187500000000e-01
4.882812500000000000e-04 8.747558593750000000e-01
4.882812500000000000e-04 9.372558593750000000e-01
4.882812500000000000e-04 9.841308593750000000e-01
4.882812500000000000e-04 7.497558593750000000e-01
4.882812500000000000e-04 8.747558593750000000e-01
4.882812500000000000e-04 8.747558593750000000e-01
2.441406250000000000e-04 7.495117187500000000e-01
4.882812500000000000e-04 7.497558593750000000e-01
9.370117187500000000e-01 2.441406250000000000e-04
7.497558593750000000e-01 4.882812500000000000e-04
7.495117187500000000e-01 2.441406250000000000e-04
9.372558593750000000e-01 4.882812500000000000e-04
4.882812500000000000e-04 9.685058593750000000e-01
7.495117187500000000e-01 2.441406250000000000e-04
7.497558593750000000e-01 4.882812500000000000e-04
4.882812500000000000e-04 7.497558593750000000e-01
2.441406250000000000e-04 7.495117187500000000e-01
7.497558593750000000e-01 4.882812500000000000e-04
7.495117187500000000e-01 2.441406250000000000e-04
7.495117187500000000e-01 2.441406250000000000e-04
9.838867187500000000e-01 2.441406250000000000e-04
7.495117187500000000e-01 2.441406250000000000e-04
2.441406250000000000e-04 7.495117187500000000e-01
7.495117187500000000e-01 2.441406250000000000e-04
4.882812500000000000e-04 7.497558593750000000e-01
4.882812500000000000e-04 8.747558593750000000e-01
4.882812500000000000e-04 8.747558593750000000e-01
8.745117187500000000e-01 2.441406250000000000e-04
7.495117187500000000e-01 2.441406250000000000e-04
7.495117187500000000e-01 2.441406250000000000e-04
4.882812500000000000e-04 7.497558593750000000e-01
4.882812500000000000e-04 9.372558593750000000e-01
4.882812500000000000e-04 9.372558593750000000e-01
9.975585937500000000e-01 2.441406250000000000e-04
4.882812500000000000e-04 8.747558593750000000e-01
4.882812500000000000e-04 7.497558593750000000e-01
4.882812500000000000e-04 8.747558593750000000e-01
7.497558593750000000e-01 4.882812500000000000e-04
2.441406250000000000e-04 8.745117187500000000e-01
4.882812500000000000e-04 7.497558593750000000e-01
7.497558593750000000e-01 4.882812500000000000e-04
7.497558593750000000e-01 4.882812500000000000e-04
7.495117187500000000e-01 2.441406250000000000e-04
7.495117187500000000e-01 2.441406250000000000e-04
7.495117187500000000e-01 2.441406250000000000e-04
7.497558593750000000e-01 4.882812500000000000e-04
2.441406250000000000e-04 7.495117187500000000e-01
8.747558593750000000e-01 4.882812500000000000e-04
4.882812500000000000e-04 7.497558593750000000e-01
4.882812500000000000e-04 8.747558593750000000e-01
8.747558593750000000e-01 4.882812500000000000e-04
2.441406250000000000e-04 9.370117187500000000e-01
2.441406250000000000e-04 7.495117187500000000e-01
7.495117187500000000e-01 2.441406250000000000e-04
9.372558593750000000e-01 4.882812500000000000e-04
4.882812500000000000e-04 8.747558593750000000e-01
8.745117187500000000e-01 2.441406250000000000e-04
4.882812500000000000e-04 7.497558593750000000e-01
4.882812500000000000e-04 9.372558593750000000e-01
7.495117187500000000e-01 2.441406250000000000e-04
4.882812500000000000e-04 7.497558593750000000e-01
2.441406250000000000e-04 7.495117187500000000e-01
4.882812500000000000e-04 8.747558593750000000e-01
2.441406250000000000e-04 7.495117187500000000e-01
4.882812500000000000e-04 7.497558593750000000e-01
4.882812500000000000e-04 8.747558593750000000e-01
2.441406250000000000e-04 7.495117187500000000e-01
7.497558593750000000e-01 4.882812500000000000e-04
9.372558593750000000e-01 4.882812500000000000e-04
7.495117187500000000e-01 2.441406250000000000e-04
2.441406250000000000e-04 7.495117187500000000e-01
7.495117187500000000e-01 2.441406250000000000e-04
9.685058593750000000e-01 4.882812500000000000e-04
7.495117187500000000e-01 2.441406250000000000e-04
8.747558593750000000e-01 4.882812500000000000e-04
7.495117187500000000e-01 2.441406250000000000e-04
2.441406250000000000e-04 8.745117187500000000e-01
4.882812500000000000e-04 7.497558593750000000e-01
2.441406250000000000e-04 8.745117187500000000e-01
7.495117187500000000e-01 2.441406250000000000e-04
9.838867187500000000e-01 2.441406250000000000e-04
4.882812500000000000e-04 9.372558593750000000e-01
2.441406250000000000e-04 7.495117187500000000e-01
4.882812500000000000e-04 9.841308593750000000e-01
7.497558593750000000e-01 4.882812500000000000e-04
2.441406250000000000e-04 7.495117187500000000e-01
8.747558593750000000e-01 4.882812500000000000e-04
4.882812500000000000e-04 7.497558593750000000e-01
2.441406250000000000e-04 9.956054687500000000e-01
2.441406250000000000e-04 7.495117187500000000e-01
2.441406250000000000e-04 7.495117187500000000e-01
4.882812500000000000e-04 8.747558593750000000e-01
2.441406250000000000e-04 7.495117187500000000e-01
4.882812500000000000e-04 7.497558593750000000e-01
8.745117187500000000e-01 2.441406250000000000e-04
4.882812500000000000e-04 7.497558593750000000e-01
2.441406250000000000e-04 7.495117187500000000e-01
7.495117187500000000e-01 2.441406250000000000e-04
9.682617187500000000e-01 2.441406250000000000e-04
9.956054687500000000e-01 2.441406250000000000e-04
2.441406250000000000e-04 7.495117187500000000e-01
7.495117187500000000e-01 2.441406250000000000e-04
9.372558593750000000e-01 4.882812500000000000e-04
2.441406250000000000e-04 7.495117187500000000e-01
7.497558593750000000e-01 4.882812500000000000e-04
2.441406250000000000e-04 8.745117187500000000e-01
4.882812500000000000e-04 9.685058593750000000e-01
7.497558593750000000e-01 4.882812500000000000e-04
7.495117187500000000e-01 2.441406250000000000e-04
7.495117187500000000e-01 2.441406250000000000e-04
2.441406250000000000e-04 7.495117187500000000e-01
7.497558593750000000e-01 4.882812500000000000e-04
8.745117187500000000e-01 2.441406250000000000e-04
2.441406250000000000e-04 9.370117187500000000e-01
7.495117187500000000e-01 2.441406250000000000e-04
2.441406250000000000e-04 7.495117187500000000e-01
9.838867187500000000e-01 2.441406250000000000e-04
2.441406250000000000e-04 7.495117187500000000e-01
7.495117187500000000e-01 2.441406250000000000e-04
2.441406250000000000e-04 7.495117187500000000e-01
9.682617187500000000e-01 2.441406250000000000e-04
8.747558593750000000e-01 4.882812500000000000e-04
4.882812500000000000e-04 9.372558593750000000e-01
7.495117187500000000e-01 2.441406250000000000e-04
8.747558593750000000e-01 4.882812500000000000e-04
9.370117187500000000e-01 2.441406250000000000e-04
4.882812500000000000e-04 9.841308593750000000e-01
7.495117187500000000e-01 2.441406250000000000e-04
2.441406250000000000e-04 9.682617187500000000e-01
7.497558593750000000e-01 4.882812500000000000e-04
2.441406250000000000e-04 7.495117187500000000e-01
4.882812500000000000e-04 8.747558593750000000e-01
2.441406250000000000e-04 7.495117187500000000e-01
9.685058593750000000e-01 4.882812500000000000e-04
4.882812500000000000e-04 8.747558593750000000e-01
4.882812500000000000e-04 7.497558593750000000e-01
8.747558593750000000e-01 4.882812500000000000e-04
7.497558593750000000e-01 4.882812500000000000e-04
2.441406250000000000e-04 8.745117187500000000e-01
4.882812500000000000e-04 7.497558593750000000e-01
7.497558593750000000e-01 4.882812500000000000e-04
2.441406250000000000e-04 8.745117187500000000e-01
7.495117187500000000e-01 2.441406250000000000e-04
7.497558593750000000e-01 4.882812500000000000e-04
7.497558593750000000e-01 4.882812500000000000e-04
9.682617187500000000e-01 2.441406250000000000e-04
7.495117187500000000e-01 2.441406250000000000e-04
4.882812500000000000e-04 7.497558593750000000e-01
7.495117187500000000e-01 2.441406250000000000e-04
4.882812500000000000e-04 8.747558593750000000e-01
8.747558593750000000e-01 4.882812500000000000e-04
4.882812500000000000e-04 7.497558593750000000e-01
9.838867187500000000e-01 2.441406250000000000e-04
2.441406250000000000e-04 7.495117187500000000e-01
9.995117187500000000e-01 2.441406250000000000e-04
8.747558593750000000e-01 4.882812500000000000e-04
8.747558593750000000e-01 4.882812500000000000e-04
2.441406250000000000e-04 7.495117187500000000e-01
9.372558593750000000e-01 4.882812500000000000e-04
7.495117187500000000e-01 2.441406250000000000e-04
8.745117187500000000e-01 2.441406250000000000e-04
7.495117187500000000e-01 2.441406250000000000e-04
4.882812500000000000e-04 9.685058593750000000e-01
4.882812500000000000e-04 7.497558593750000000e-01
2.441406250000000000e-04 8.745117187500000000e-01
7.495117187500000000e-01 2.441406250000000000e-04
4.882812500000000000e-04 7.497558593750000000e-01
4.882812500000000000e-04 9.685058593750000000e-01
9.370117187500000000e-01 2.441406250000000000e-04
2.441406250000000000e-04 8.745117187500000000e-01
7.495117187500000000e-01 2.441406250000000000e-04
2.441406250000000000e-04 7.495117187500000000e-01
2.441406250000000000e-04 7.495117187500000000e-01
2.441406250000000000e-04 8.745117187500000000e-01
4.882812500000000000e-04 9.919433593750000000e-01
9.372558593750000000e-01 4.882812500000000000e-04
8.745117187500000000e-01 2.441406250000000000e-04
7.497558593750000000e-01 4.882812500000000000e-04
4.882812500000000000e-04 9.372558593750000000e-01
9.370117187500000000e-01 2.441406250000000000e-04
2.441406250000000000e-04 9.838867187500000000e-01
4.882812500000000000e-04 7.497558593750000000e-01
2.441406250000000000e-04 9.370117187500000000e-01
4.882812500000000000e-04 9.841308593750000000e-01
4.882812500000000000e-04 9.841308593750000000e-01
8.747558593750000000e-01 4.882812500000000000e-04
8.745117187500000000e-01 2.441406250000000000e-04
8.745117187500000000e-01 2.441406250000000000e-04
7.495117187500000000e-01 2.441406250000000000e-04
2.441406250000000000e-04 9.370117187500000000e-01
2.441406250000000000e-04 9.370117187500000000e-01
4.882812500000000000e-04 7.497558593750000000e-01
4.882812500000000000e-04 8.747558593750000000e-01
7.495117187500000000e-01 2.441406250000000000e-04
2.441406250000000000e-04 8.745117187500000000e-01
7.495117187500000000e-01 2.441406250000000000e-04
4.882812500000000000e-04 7.497558593750000000e-01
4.882812500000000000e-04 8.747558593750000000e-01
4.882812500000000000e-04 7.497558593750000000e-01
4.882812500000000000e-04 9.372558593750000000e-01
8.745117187500000000e-01 2.441406250000000000e-04
8.747558593750000000e-01 4.882812500000000000e-04
2.441406250000000000e-04 8.745117187500000000e-01
7.497558593750000000e-01 4.882812500000000000e-04
4.882812500000000000e-04 8.747558593750000000e-01
7.495117187500000000e-01 2.441406250000000000e-04
2.441406250000000000e-04 7.495117187500000000e-01
7.497558593750000000e-01 4.882812500000000000e-04
2.441406250000000000e-04 7.495117187500000000e-01
2.441406250000000000e-04 8.745117187500000000e-01
4.882812500000000000e-04 9.685058593750000000e-01
8.745117187500000000e-01 2.441406250000000000e-04
4.882812500000000000e-04 8.747558593750000000e-01
9.370117187500000000e-01 2.441406250000000000e-04
9.370117187500000000e-01 2.441406250000000000e-04
2.441406250000000000e-04 7.495117187500000000e-01
4.882812500000000000e-04 7.497558593750000000e-01
4.882812500000000000e-04 8.747558593750000000e-01
7.495117187500000000e-01 2.441406250000000000e-04
7.497558593750000000e-01 4.882812500000000000e-04
8.745117187500000000e-01 2.441406250000000000e-04
7.497558593750000000e-01 4.882812500000000000e-04
4.882812500000000000e-04 8.747558593750000000e-01
4.882812500000000000e-04 9.841308593750000000e-01
7.495117187500000000e-01 2.441406250000000000e-04
7.495117187500000000e-01 2.441406250000000000e-04
7.497558593750000000e-01 4.882812500000000000e-04
2.441406250000000000e-04 9.682617187500000000e-01
4.882812500000000000e-04 9.685058593750000000e-01
9.682617187500000000e-01 2.441406250000000000e-04
2.441406250000000000e-04 7.495117187500000000e-01
7.495117187500000000e-01 2.441406250000000000e-04
4.882812500000000000e-04 9.372558593750000000e-01
2.441406250000000000e-04 7.495117187500000000e-01
4.882812500000000000e-04 7.497558593750000000e-01
2.441406250000000000e-04 8.745117187500000000e-01
7.495117187500000000e-01 2.441406250000000000e-04
2.441406250000000000e-04 7.495117187500000000e-01
2.441406250000000000e-04 7.495117187500000000e-01
2.441406250000000000e-04 9.916992187500000000e-01
4.882812500000000000e-04 7.497558593750000000e-01
8.745117187500000000e-01 2.441406250000000000e-04
2.441406250000000000e-04 7.495117187500000000e-01
2.441406250000000000e-04 8.745117187500000000e-01
7.497558593750000000e-01 4.882812500000000000e-04
8.747558593750000000e-01 4.882812500000000000e-04
2.441406250000000000e-04 9.370117187500000000e-01
9.370117187500000000e-01 2.441406250000000000e-04
8.745117187500000000e-01 2.441406250000000000e-04
7.497558593750000000e-01 4.882812500000000000e-04
9.372558593750000000e-01 4.882812500000000000e-04
2.441406250000000000e-04 7.495117187500000000e-01
2.441406250000000000e-04 8.745117187500000000e-01
7.495117187500000000e-01 2.441406250000000000e-04
7.495117187500000000e-01 2.441406250000000000e-04
4.882812500000000000e-04 8.747558593750000000e-01
9.685058593750000000e-01 4.882812500000000000e-04
7.495117187500000000e-01 2.441406250000000000e-04
2.441406250000000000e-04 7.495117187500000000e-01
4.882812500000000000e-04 8.747558593750000000e-01
7.495117187500000000e-01 2.441406250000000000e-04
7.497558593750000000e-01 4.882812500000000000e-04
2.441406250000000000e-04 9.682617187500000000e-01
4.882812500000000000e-04 7.497558593750000000e-01
7.495117187500000000e-01 2.441406250000000000e-04
4.882812500000000000e-04 8.747558593750000000e-01
2.441406250000000000e-04 7.495117187500000000e-01
2.441406250000000000e-04 7.495117187500000000e-01
7.495117187500000000e-01 2.441406250000000000e-04
7.495117187500000000e-01 2.441406250000000000e-04
8.745117187500000000e-01 2.441406250000000000e-04
2.441406250000000000e-04 8.745117187500000000e-01
2.441406250000000000e-04 7.495117187500000000e-01
7.495117187500000000e-01 2.441406250000000000e-04
8.745117187500000000e-01 2.441406250000000000e-04
7.497558593750000000e-01 4.882812500000000000e-04
2.441406250000000000e-04 8.745117187500000000e-01
4.882812500000000000e-04 7.497558593750000000e-01
8.747558593750000000e-01 4.882812500000000000e-04
7.497558593750000000e-01 4.882812500000000000e-04
2.441406250000000000e-04 7.495117187500000000e-01
8.747558593750000000e-01 4.882812500000000000e-04
7.497558593750000000e-01 4.882812500000000000e-04
4.882812500000000000e-04 7.497558593750000000e-01
4.882812500000000000e-04 8.747558593750000000e-01
2.441406250000000000e-04 7.495117187500000000e-01
7.497558593750000000e-01 4.882812500000000000e-04
4.882812500000000000e-04 8.747558593750000000e-01
7.495117187500000000e-01 2.441406250000000000e-04
9.916992187500000000e-01 2.441406250000000000e-04
9.841308593750000000e-01 4.882812500000000000e-04
7.495117187500000000e-01 2.441406250000000000e-04
4.882812500000000000e-04 7.497558593750000000e-01
4.882812500000000000e-04 7.497558593750000000e-01
7.497558593750000000e-01 4.882812500000000000e-04
4.882812500000000000e-04 9.919433593750000000e-01
4.882812500000000000e-04 9.685058593750000000e-01
8.745117187500000000e-01 2.441406250000000000e-04
8.745117187500000000e-01 2.441406250000000000e-04
2.441406250000000000e-04 7.495117187500000000e-01
9.682617187500000000e-01 2.441406250000000000e-04
4.882812500000000000e-04 7.497558593750000000e-01
7.495117187500000000e-01 2.441406250000000000e-04
4.882812500000000000e-04 9.372558593750000000e-01
2.441406250000000000e-04 7.495117187500000000e-01
2.441406250000000000e-04 7.495117187500000000e-01
9.919433593750000000e-01 4.882812500000000000e-04
8.747558593750000000e-01 4.882812500000000000e-04
4.882812500000000000e-04 7.497558593750000000e-01
8.747558593750000000e-01 4.882812500000000000e-04
7.497558593750000000e-01 4.882812500000000000e-04
8.745117187500000000e-01 2.441406250000000000e-04
7.495117187500000000e-01 2.441406250000000000e-04
2.441406250000000000e-04 7.495117187500000000e-01
8.747558593750000000e-01 4.882812500000000000e-04
8.747558593750000000e-01 4.882812500000000000e-04
8.747558593750000000e-01 4.882812500000000000e-04
4.882812500000000000e-04 7.497558593750000000e-01
2.441406250000000000e-04 8.745117187500000000e-01
4.882812500000000000e-04 9.372558593750000000e-01
9.370117187500000000e-01 2.441406250000000000e-04
9.685058593750000000e-01 4.882812500000000000e-04
2.441406250000000000e-04 8.745117187500000000e-01
7.495117187500000000e-01 2.441406250000000000e-04
9.370117187500000000e-01 2.441406250000000000e-04
7.497558593750000000e-01 4.882812500000000000e-04
4.882812500000000000e-04 7.497558593750000000e-01
2.441406250000000000e-04 7.495117187500000000e-01
8.747558593750000000e-01 4.882812500000000000e-04
4.882812500000000000e-04 7.497558593750000000e-01
9.682617187500000000e-01 2.441406250000000000e-04
7.497558593750000000e-01 4.882812500000000000e-04
2.441406250000000000e-04 8.745117187500000000e-01
4.882812500000000000e-04 9.841308593750000000e-01
7.497558593750000000e-01 4.882812500000000000e-04
2.441406250000000000e-04 7.495117187500000000e-01
8.747558593750000000e-01 4.882812500000000000e-04
4.882812500000000000e-04 7.497558593750000000e-01
7.495117187500000000e-01 2.441406250000000000e-04
4.882812500000000000e-04 7.497558593750000000e-01
8.747558593750000000e-01 4.882812500000000000e-04
4.882812500000000000e-04 7.497558593750000000e-01
7.495117187500000000e-01 2.441406250000000000e-04
4.882812500000000000e-04 7.497558593750000000e-01
7.495117187500000000e-01 2.441406250000000000e-04
7.497558593750000000e-01 4.882812500000000000e-04
7.497558593750000000e-01 4.882812500000000000e-04
2.441406250000000000e-04 7.495117187500000000e-01
4.882812500000000000e-04 7.497558593750000000e-01
8.745117187500000000e-01 2.441406250000000000e-04
8.747558593750000000e-01 4.882812500000000000e-04
9.370117187500000000e-01 2.441406250000000000e-04
9.995117187500000000e-01 2.441406250000000000e-04
7.497558593750000000e-01 4.882812500000000000e-04
2.441406250000000000e-04 9.682617187500000000e-01
8.745117187500000000e-01 2.441406250000000000e-04
2.441406250000000000e-04 9.370117187500000000e-01
2.441406250000000000e-04 9.838867187500000000e-01
4.882812500000000000e-04 7.497558593750000000e-01
7.497558593750000000e-01 4.882812500000000000e-04
9.370117187500000000e-01 2.441406250000000000e-04
4.882812500000000000e-04 7.497558593750000000e-01
7.495117187500000000e-01 2.441406250000000000e-04
8.745117187500000000e-01 2.441406250000000000e-04
2.441406250000000000e-04 8.745117187500000000e-01
2.441406250000000000e-04 8.745117187500000000e-01
4.882812500000000000e-04 9.841308593750000000e-01
7.497558593750000000e-01 4.882812500000000000e-04
7.497558593750000000e-01 4.882812500000000000e-04
4.882812500000000000e-04 9.372558593750000000e-01
2.441406250000000000e-04 9.370117187500000000e-01
2.441406250000000000e-04 9.370117187500000000e-01
7.495117187500000000e-01 2.441406250000000000e-04
8.747558593750000000e-01 4.882812500000000000e-04
9.372558593750000000e-01 4.882812500000000000e-04
8.745117187500000000e-01 2.441406250000000000e-04
8.747558593750000000e-01 4.882812500000000000e-04
7.495117187500000000e-01 2.441406250000000000e-04
8.747558593750000000e-01 4.882812500000000000e-04
2.441406250000000000e-04 7.495117187500000000e-01
7.497558593750000000e-01 4.882812500000000000e-04
7.497558593750000000e-01 4.882812500000000000e-04
2.441406250000000000e-04 9.682617187500000000e-01
8.745117187500000000e-01 2.441406250000000000e-04
4.882812500000000000e-04 7.497558593750000000e-01
7.497558593750000000e-01 4.882812500000000000e-04
7.497558593750000000e-01 4.882812500000000000e-04
4.882812500000000000e-04 9.372558593750000000e-01
2.441406250000000000e-04 8.745117187500000000e-01
2.441406250000000000e-04 7.495117187500000000e-01
2.441406250000000000e-04 7.495117187500000000e-01
7.497558593750000000e-01 4.882812500000000000e-04
7.495117187500000000e-01 2.441406250000000000e-04
8.745117187500000000e-01 2.441406250000000000e-04
7.497558593750000000e-01 4.882812500000000000e-04
4.882812500000000000e-04 9.919433593750000000e-01
4.882812500000000000e-04 7.497558593750000000e-01
7.495117187500000000e-01 2.441406250000000000e-04
4.882812500000000000e-04 7.497558593750000000e-01
2.441406250000000000e-04 9.370117187500000000e-01
4.882812500000000000e-04 9.685058593750000000e-01
4.882812500000000000e-04 7.497558593750000000e-01
2.441406250000000000e-04 9.370117187500000000e-01
4.882812500000000000e-04 8.747558593750000000e-01
2.441406250000000000e-04 8.745117187500000000e-01
2.441406250000000000e-04 9.370117187500000000e-01
2.441406250000000000e-04 7.495117187500000000e-01
8.745117187500000000e-01 2.441406250000000000e-04
7.495117187500000000e-01 2.441406250000000000e-04
2.441406250000000000e-04 8.745117187500000000e-01
4.882812500000000000e-04 7.497558593750000000e-01
4.882812500000000000e-04 9.372558593750000000e-01
7.497558593750000000e-01 4.882812500000000000e-04
7.497558593750000000e-01 4.882812500000000000e-04
8.745117187500000000e-01 2.441406250000000000e-04
2.441406250000000000e-04 9.370117187500000000e-01
7.495117187500000000e-01 2.441406250000000000e-04
7.497558593750000000e-01 4.882812500000000000e-04
7.497558593750000000e-01 4.882812500000000000e-04
2.441406250000000000e-04 9.370117187500000000e-01
4.882812500000000000e-04 7.497558593750000000e-01
2.441406250000000000e-04 9.916992187500000000e-01
2.441406250000000000e-04 7.495117187500000000e-01
2.441406250000000000e-04 7.495117187500000000e-01
2.441406250000000000e-04 9.370117187500000000e-01
7.497558593750000000e-01 4.882812500000000000e-04
4.882812500000000000e-04 7.497558593750000000e-01
7.497558593750000000e-01 4.882812500000000000e-04
2.441406250000000000e-04 7.495117187500000000e-01
2.441406250000000000e-04 9.370117187500000000e-01
2.441406250000000000e-04 9.370117187500000000e-01
4.882812500000000000e-04 9.919433593750000000e-01
7.497558593750000000e-01 4.882812500000000000e-04
8.747558593750000000e-01 4.882812500000000000e-04
4.882812500000000000e-04 8.747558593750000000e-01
8.747558593750000000e-01 4.882812500000000000e-04
7.497558593750000000e-01 4.882812500000000000e-04
8.747558593750000000e-01 4.882812500000000000e-04
8.745117187500000000e-01 2.441406250000000000e-04
2.441406250000000000e-04 7.495117187500000000e-01
7.497558593750000000e-01 4.882812500000000000e-04
7.497558593750000000e-01 4.882812500000000000e-04
7.497558593750000000e-01 4.882812500000000000e-04
7.497558593750000000e-01 4.882812500000000000e-04
4.882812500000000000e-04 7.497558593750000000e-01
9.372558593750000000e-01 4.882812500000000000e-04
7.497558593750000000e-01 4.882812500000000000e-04
4.882812500000000000e-04 9.919433593750000000e-01
7.497558593750000000e-01 4.882812500000000000e-04
2.441406250000000000e-04 7.495117187500000000e-01
2.441406250000000000e-04 9.370117187500000000e-01
2.441406250000000000e-04 9.838867187500000000e-01
7.497558593750000000e-01 4.882812500000000000e-04
2.441406250000000000e-04 7.495117187500000000e-01
7.495117187500000000e-01 2.441406250000000000e-04
2.441406250000000000e-04 7.495117187500000000e-01
2.441406250000000000e-04 7.495117187500000000e-01
8.745117187500000000e-01 2.441406250000000000e-04
2.441406250000000000e-04 7.495117187500000000e-01
4.882812500000000000e-04 7.497558593750000000e-01
2.441406250000000000e-04 8.745117187500000000e-01
7.495117187500000000e-01 2.441406250000000000e-04
7.497558593750000000e-01 4.882812500000000000e-04
9.370117187500000000e-01 2.441406250000000000e-04
7.495117187500000000e-01 2.441406250000000000e-04
2.441406250000000000e-04 8.745117187500000000e-01
4.882812500000000000e-04 8.747558593750000000e-01
4.882812500000000000e-04 7.497558593750000000e-01
7.497558593750000000e-01 4.882812500000000000e-04
7.497558593750000000e-01 4.882812500000000000e-04
4.882812500000000000e-04 8.747558593750000000e-01
7.495117187500000000e-01 2.441406250000000000e-04
2.441406250000000000e-04 9.370117187500000000e-01
2.441406250000000000e-04 7.495117187500000000e-01
7.497558593750000000e-01 4.882812500000000000e-04
2.441406250000000000e-04 7.495117187500000000e-01
7.497558593750000000e-01 4.882812500000000000e-04
2.441406250000000000e-04 7.495117187500000000e-01
2.441406250000000000e-04 7.495117187500000000e-01
4.882812500000000000e-04 8.747558593750000000e-01
2.441406250000000000e-04 7.495117187500000000e-01
2.441406250000000000e-04 7.495117187500000000e-01
7.497558593750000000e-01 4.882812500000000000e-04
7.495117187500000000e-01 2.441406250000000000e-04
7.495117187500000000e-01 2.441406250000000000e-04
2.441406250000000000e-04 7.495117187500000000e-01
4.882812500000000000e-04 7.497558593750000000e-01
7.495117187500000000e-01 2.441406250000000000e-04
2.441406250000000000e-04 9.370117187500000000e-01
7.497558593750000000e-01 4.882812500000000000e-04
2.441406250000000000e-04 9.682617187500000000e-01
4.882812500000000000e-04 7.497558593750000000e-01
4.882812500000000000e-04 8.747558593750000000e-01
8.747558593750000000e-01 4.882812500000000000e-04
2.441406250000000000e-04 9.682617187500000000e-01
4.882812500000000000e-04 8.747558593750000000e-01
9.682617187500000000e-01 2.441406250000000000e-04
7.495117187500000000e-01 2.441406250000000000e-04
7.495117187500000000e-01 2.441406250000000000e-04
7.495117187500000000e-01 2.441406250000000000e-04
4.882812500000000000e-04 8.747558593750000000e-01
7.495117187500000000e-01 2.441406250000000000e-04
2.441406250000000000e-04 8.745117187500000000e-01
8.745117187500000000e-01 2.441406250000000000e-04
7.495117187500000000e-01 2.441406250000000000e-04
7.495117187500000000e-01 2.441406250000000000e-04
2.441406250000000000e-04 8.745117187500000000e-01
2.441406250000000000e-04 8.745117187500000000e-01
9.838867187500000000e-01 2.441406250000000000e-04
9.372558593750000000e-01 4.882812500000000000e-04
2.441406250000000000e-04 8.745117187500000000e-01
7.495117187500000000e-01 2.441406250000000000e-04
7.497558593750000000e-01 4.882812500000000000e-04
7.497558593750000000e-01 4.882812500000000000e-04
8.747558593750000000e-01 4.882812500000000000e-04
2.441406250000000000e-04 7.495117187500000000e-01
2.441406250000000000e-04 8.745117187500000000e-01
2.441406250000000000e-04 9.682617187500000000e-01
4.882812500000000000e-04 8.747558593750000000e-01
4.882812500000000000e-04 8.747558593750000000e-01
9.685058593750000000e-01 4.882812500000000000e-04
9.370117187500000000e-01 2.441406250000000000e-04
7.497558593750000000e-01 4.882812500000000000e-04
4.882812500000000000e-04 7.497558593750000000e-01
4.882812500000000000e-04 7.497558593750000000e-01
4.882812500000000000e-04 7.497558593750000000e-01
9.838867187500000000e-01 2.441406250000000000e-04
9.370117187500000000e-01 2.441406250000000000e-04
8.745117187500000000e-01 2.441406250000000000e-04
2.441406250000000000e-04 7.495117187500000000e-01
2.441406250000000000e-04 8.745117187500000000e-01
4.882812500000000000e-04 7.497558593750000000e-01
4.882812500000000000e-04 8.747558593750000000e-01
7.497558593750000000e-01 4.882812500000000000e-04
7.495117187500000000e-01 2.441406250000000000e-04
2.441406250000000000e-04 8.745117187500000000e-01
4.882812500000000000e-04 8.747558593750000000e-01
4.882812500000000000e-04 7.497558593750000000e-01
7.495117187500000000e-01 2.441406250000000000e-04
9.685058593750000000e-01 4.882812500000000000e-04
7.495117187500000000e-01 2.441406250000000000e-04
4.882812500000000000e-04 7.497558593750000000e-01
4.882812500000000000e-04 7.497558593750000000e-01
8.745117187500000000e-01 2.441406250000000000e-04
8.747558593750000000e-01 4.882812500000000000e-04
7.495117187500000000e-01 2.441406250000000000e-04
9.685058593750000000e-01 4.882812500000000000e-04
2.441406250000000000e-04 8.745117187500000000e-01
4.882812500000000000e-04 7.497558593750000000e-01
4.882812500000000000e-04 8.747558593750000000e-01
7.497558593750000000e-01 4.882812500000000000e-04
2.441406250000000000e-04 7.495117187500000000e-01
7.497558593750000000e-01 4.882812500000000000e-04
4.882812500000000000e-04 9.685058593750000000e-01
9.372558593750000000e-01 4.882812500000000000e-04
7.497558593750000000e-01 4.882812500000000000e-04
8.745117187500000000e-01 2.441406250000000000e-04
9.370117187500000000e-01 2.441406250000000000e-04
9.372558593750000000e-01 4.882812500000000000e-04
4.882812500000000000e-04 8.747558593750000000e-01
8.747558593750000000e-01 4.882812500000000000e-04
2.441406250000000000e-04 7.495117187500000000e-01
2.441406250000000000e-04 7.495117187500000000e-01
7.497558593750000000e-01 4.882812500000000000e-04
4.882812500000000000e-04 7.497558593750000000e-01
8.747558593750000000e-01 4.882812500000000000e-04
7.495117187500000000e-01 2.441406250000000000e-04
8.745117187500000000e-01 2.441406250000000000e-04
2.441406250000000000e-04 7.495117187500000000e-01
7.495117187500000000e-01 2.441406250000000000e-04
2.441406250000000000e-04 9.370117187500000000e-01
7.497558593750000000e-01 4.882812500000000000e-04
9.370117187500000000e-01 2.441406250000000000e-04
7.497558593750000000e-01 4.882812500000000000e-04
2.441406250000000000e-04 7.495117187500000000e-01
2.441406250000000000e-04 8.745117187500000000e-01
4.882812500000000000e-04 9.372558593750000000e-01
7.497558593750000000e-01 4.882812500000000000e-04
4.882812500000000000e-04 8.747558593750000000e-01
7.497558593750000000e-01 4.882812500000000000e-04
7.495117187500000000e-01 2.441406250000000000e-04
9.682617187500000000e-01 2.441406250000000000e-04
9.919433593750000000e-01 4.882812500000000000e-04
8.747558593750000000e-01 4.882812500000000000e-04
4.882812500000000000e-04 7.497558593750000000e-01
4.882812500000000000e-04 7.497558593750000000e-01
2.441406250000000000e-04 9.370117187500000000e-01
4.882812500000000000e-04 8.747558593750000000e-01
7.497558593750000000e-01 4.882812500000000000e-04
8.747558593750000000e-01 4.882812500000000000e-04
9.372558593750000000e-01 4.882812500000000000e-04
4.882812500000000000e-04 7.497558593750000000e-01
7.497558593750000000e-01 4.882812500000000000e-04
4.882812500000000000e-04 8.747558593750000000e-01
9.841308593750000000e-01 4.882812500000000000e-04
8.745117187500000000e-01 2.441406250000000000e-04
2.441406250000000000e-04 7.495117187500000000e-01
4.882812500000000000e-04 9.372558593750000000e-01
8.747558593750000000e-01 4.882812500000000000e-04
4.882812500000000000e-04 7.497558593750000000e-01
4.882812500000000000e-04 7.497558593750000000e-01
9.975585937500000000e-01 2.441406250000000000e-04
2.441406250000000000e-04 8.745117187500000000e-01
2.441406250000000000e-04 7.495117187500000000e-01
4.882812500000000000e-04 8.747558593750000000e-01
9.370117187500000000e-01 2.441406250000000000e-04
7.495117187500000000e-01 2.441406250000000000e-04
4.882812500000000000e-04 7.497558593750000000e-01
2.441406250000000000e-04 7.495117187500000000e-01
4.882812500000000000e-04 9.372558593750000000e-01
9.370117187500000000e-01 2.441406250000000000e-04
4.882812500000000000e-04 9.372558593750000000e-01
8.747558593750000000e-01 4.882812500000000000e-04
2.441406250000000000e-04 7.495117187500000000e-01
9.992675781250000000e-01 1.220703125000000000e-04
7.495117187500000000e-01 2.441406250000000000e-04
8.745117187500000000e-01 2.441406250000000000e-04
9.372558593750000000e-01 4.882812500000000000e-04
9.919433593750000000e-01 4.882812500000000000e-04
4.882812500000000000e-04 7.497558593750000000e-01
7.497558593750000000e-01 4.882812500000000000e-04
7.497558593750000000e-01 4.882812500000000000e-04
8.747558593750000000e-01 4.882812500000000000e-04
4.882812500000000000e-04 9.841308593750000000e-01
2.441406250000000000e-04 7.495117187500000000e-01
